[gd_scene load_steps=5 format=2]

[ext_resource path="res://Levels/LevelBase.tscn" type="PackedScene" id=1]
[ext_resource path="res://Objects/Terrain/cliff_block_rock.tscn" type="PackedScene" id=2]
[ext_resource path="res://Objects/Trees/tree_default.tscn" type="PackedScene" id=3]
[ext_resource path="res://addons/zylann.scatter/scatter3d.gd" type="Script" id=4]

[node name="Level" instance=ExtResource( 1 )]

[node name="Position3D" parent="SpawnPositions/RedTeam" index="0"]
transform = Transform( 1, 0, 0, 0, 1, 0, 0, 0, 1, 0, 3, 0 )

[node name="Position3D2" parent="SpawnPositions/RedTeam" index="1"]
transform = Transform( 1, 0, 0, 0, 1, 0, 0, 0, 1, 0, 3, 0 )

[node name="Position3D3" parent="SpawnPositions/RedTeam" index="2"]
transform = Transform( 1, 0, 0, 0, 1, 0, 0, 0, 1, 0, 3, 0 )

[node name="Position3D4" parent="SpawnPositions/RedTeam" index="3"]
transform = Transform( 1, 0, 0, 0, 1, 0, 0, 0, 1, 0, 3, 0 )

[node name="Terrain" type="Node" parent="." index="7"]

[node name="cliff_block_rock" parent="Terrain" index="0" instance=ExtResource( 2 )]
transform = Transform( 13.0572, 0, 0, 0, 2.997, 0, 0, 0, 13.0572, 0, -2, 0 )

[node name="cliff_block_rock4" parent="Terrain" index="1" instance=ExtResource( 2 )]
transform = Transform( 31.0239, 0, 0, 0, 1.1988, 0, 0, 0, 31.0239, 0, -2, 0 )

[node name="cliff_block_rock2" parent="Terrain" index="2" instance=ExtResource( 2 )]
transform = Transform( 4.68, 0, 0, 0, 1, 0, 0, 0, 4.68, 3, 1, -3 )

[node name="cliff_block_rock3" parent="Terrain" index="3" instance=ExtResource( 2 )]
transform = Transform( 2.3496, 0, 0, 0, 1.0041, 0, 0, 0, 2.3496, 3, 2, -3 )

[node name="tree_default5" parent="Terrain" index="4" instance=ExtResource( 3 )]
transform = Transform( 1, 0, 0, 0, 1, 0, 0, 0, 1, -3.11169, 1, -2.01709 )

[node name="Scatter3D" type="Spatial" parent="." index="8"]
script = ExtResource( 4 )
_scenes = [ ExtResource( 3 ) ]

[node name="tree_default" type="StaticBody" parent="Scatter3D" index="0" instance=ExtResource( 3 )]
transform = Transform( -0.0377565, 0, 0.999287, 0, 1, 0, -0.999287, 0, -0.0377565, 3.03504, 0.997, 3.4876 )

[node name="tree_default2" type="StaticBody" parent="Scatter3D" index="1" instance=ExtResource( 3 )]
transform = Transform( 0.836193, 0, -0.548435, 0, 1, 0, 0.548435, 0, 0.836193, -2.89409, -0.801193, 8.90798 )

[node name="tree_default3" type="StaticBody" parent="Scatter3D" index="2" instance=ExtResource( 3 )]
transform = Transform( 0.38893, 0, -0.921267, 0, 1, 0, 0.921267, 0, 0.38893, 3.22556, -0.801186, 9.24716 )

[node name="tree_default4" type="StaticBody" parent="Scatter3D" index="3" instance=ExtResource( 3 )]
transform = Transform( -0.900098, 0, -0.435687, 0, 1, 0, 0.435687, 0, -0.900098, 9.70982, -0.801198, 2.93116 )

[node name="tree_default5" type="StaticBody" parent="Scatter3D" index="4" instance=ExtResource( 3 )]
transform = Transform( 0.176829, 0, -0.984242, 0, 1, 0, 0.984242, 0, 0.176829, 8.62545, -0.800997, 9.93704 )

[node name="tree_default6" type="StaticBody" parent="Scatter3D" index="5" instance=ExtResource( 3 )]
transform = Transform( -0.0190541, 0, 0.999818, 0, 1, 0, -0.999818, 0, -0.0190541, -3.88398, 0.997, 5.19312 )

[node name="tree_default7" type="StaticBody" parent="Scatter3D" index="6" instance=ExtResource( 3 )]
transform = Transform( 0.0219387, 0, 0.999759, 0, 1, 0, -0.999759, 0, 0.0219387, 9.21907, -0.80116, -8.15941 )

[node name="tree_default8" type="StaticBody" parent="Scatter3D" index="7" instance=ExtResource( 3 )]
transform = Transform( 0.00581781, 0, 0.999983, 0, 1, 0, -0.999983, 0, 0.00581781, 3.40893, -0.801197, -10.7393 )

[node name="tree_default9" type="StaticBody" parent="Scatter3D" index="8" instance=ExtResource( 3 )]
transform = Transform( 0.677254, 0, -0.735749, 0, 1, 0, 0.735749, 0, 0.677254, 3.63103, 3.00283, -3.55775 )
